141
1 19
30294 22277 51943 26185 89494 81515 94334 57868 36109 32904 64718 75323 43193 4989 50324 54693 4770 88985 13706 
3 13
49233 54205 93556 4982 75988 68679 6008 73436 19769 23414 28715 1441 92770 
4 12
84490 75782 24927 89089 50423 7521 88055 39112 16808 14116 3437 7431 
5 16
31929 47081 14459 30091 86009 98759 70553 90613 48874 32713 83777 69906 62891 34776 41431 85820 
6 15
47182 32000 78614 76192 92011 52588 46 2535 27899 8469 7756 27549 40065 76032 1006 
7 20
47086 22656 37092 40419 71696 95812 90821 37050 27984 79184 70688 32082 21142 12603 17095 84296 63360 87022 37266 50744 
8 12
71854 6488 29784 26670 16557 47723 53591 82683 44699 9995 55075 28843 
9 19
90178 64402 35949 95375 38744 23584 75171 31528 83380 83907 67053 32264 91115 73654 18888 51373 15538 72742 21205 
10 10
42576 36199 2967 40578 25447 38822 24649 77591 12532 14256 
11 18
27005 36879 97198 4869 29132 74826 58221 77382 67649 70210 38257 51837 87231 8607 73881 46556 82602 83794 
12 13
45929 23189 14869 20226 42296 19620 79461 16384 37212 34570 74644 4986 3072 
13 16
34910 80223 33975 22579 80593 14748 65060 19001 92709 25167 84405 46105 59458 292 90680 54831 
14 16
57106 86966 79169 92796 27676 7166 36842 29824 70476 10793 33620 24976 46235 55357 12947 42278 
19 20
34109 53043 53181 57153 31923 10987 41297 289 82303 77516 59697 33832 2596 15417 45938 50289 54031 84320 84845 62074 
20 18
60514 37314 92494 54544 83263 17453 82710 88220 45286 79689 21904 99671 6642 54112 70902 46404 68344 56269 
22 12
93602 28374 72092 44960 52246 22817 61262 2491 92610 82744 82315 75945 
24 20
17724 47774 44558 264 1864 88984 51615 79114 90615 38835 67938 77741 37301 62132 33209 29104 68370 480 46348 46741 
25 13
16523 69060 8959 97951 14449 31263 28562 79583 26816 87370 87786 60620 5898 
26 11
28825 57812 18513 89591 31193 36834 55793 33647 79353 38644 21296 
28 16
97303 89282 6372 73030 31037 78067 90587 15591 4816 93781 95507 4431 60398 3516 8020 85083 
30 10
18368 77688 60328 2933 8490 79533 56455 20501 38354 82894 
32 10
93731 34352 90270 20014 50751 41228 38606 97929 80734 60474 
33 13
14856 92382 34019 16578 65864 52455 68835 21653 69331 79505 37618 67446 30297 
34 15
37051 58167 6351 54026 89682 88521 34868 27800 95869 97750 83619 22903 94768 78776 66243 
35 10
14697 38402 52920 17816 39949 23008 7718 16035 34846 45746 
36 20
99462 89878 30060 78426 38217 63319 59274 73880 99914 95899 2357 77963 26631 43003 18738 19921 35593 46868 26656 25237 
37 15
48474 72497 87774 51214 75287 35308 72136 47505 84584 56840 5214 45921 27304 23993 49544 
38 15
92416 61902 45134 96167 40183 42521 21768 734 97654 5620 40728 21305 51190 10335 8915 
39 10
75554 6160 70955 80241 40361 42324 81581 83488 52877 51883 
41 14
96798 14650 86914 94664 3373 23935 55220 45821 98655 48148 12876 81687 48005 7546 
47 14
13417 98468 56843 31594 37406 40678 73541 13740 88949 75264 20888 27863 82166 2269 
49 16
99402 88974 40180 50600 79071 26899 85191 70836 3282 11201 91945 88738 26234 35301 54114 81299 
51 15
1232 94821 30233 46326 84968 41132 44207 86536 24139 56863 45737 29380 7612 21756 80425 
52 19
69736 97294 58885 27381 18026 81132 78912 82886 79254 83658 58568 47297 66143 81158 79233 97618 36808 99295 42359 
53 11
2478 60488 19871 45897 61098 27198 1061 70968 67042 42293 56156 
56 15
41616 10723 73709 44576 98966 73146 1975 38063 23611 80656 28047 41258 50165 5487 84270 
57 15
8238 28989 51330 94422 38013 65665 8335 15748 73651 14344 4593 61102 45617 86607 64713 
59 11
26167 31042 11293 25403 87610 31296 93898 50747 92948 67259 31352 
60 18
46319 82467 56812 72477 5240 70657 17013 8637 40806 83752 28871 49316 52034 5746 59363 94087 69273 48671 
61 16
26401 30734 10448 17897 83635 26630 270 22628 81777 91434 74641 91850 38128 4280 78493 99911 
63 17
45240 63248 21716 23223 25008 33416 88126 55968 30165 93113 92940 34920 77140 57221 25965 16242 28879 
65 14
4722 21926 38511 17981 18896 38890 53992 57130 59303 90454 44760 24590 36630 57220 
67 20
38474 17819 23088 19160 96609 53171 29957 78606 10379 80138 43532 97380 8420 56251 70823 43389 3776 66461 13875 97315 
68 13
66584 62543 57548 85163 33438 10197 31459 79229 73468 8566 5298 94481 35280 
69 13
86023 61389 24952 51531 68154 84681 92147 35067 52387 5808 11810 65739 61912 
71 11
6349 85486 74881 70663 48167 75318 65594 75600 62816 40430 39726 
75 12
72551 22522 43652 28823 43815 19632 92243 28878 80304 45665 90752 65236 
76 17
71229 19617 1634 77142 66622 36898 98446 67143 46769 81635 99304 95928 91509 21821 54818 42055 7302 
78 15
12249 14333 53971 54051 6719 25401 17734 5862 51814 43271 53839 25169 20552 74517 7306 
79 13
15601 75224 95827 20294 40712 5547 68010 81522 9743 17409 34003 3069 92238 
81 12
46586 31915 40496 36541 50496 83633 50891 13133 62136 10508 44840 84897 
82 18
35441 80234 21704 56986 5893 75523 19844 48471 14052 7065 58931 29937 13415 63147 22224 31572 99404 48886 
83 15
13463 68141 73003 96069 65409 72666 41578 28287 31628 80483 43912 20825 85294 17989 83179 
84 14
37440 90880 18411 82737 41018 90842 45810 37438 90543 18348 71298 58794 33692 82077 
86 20
3767 62817 36423 10795 43935 42084 41539 62883 16121 25588 99786 92133 72443 47605 7957 40976 49254 85049 96175 7112 
87 17
50480 57561 98751 34907 21592 27257 2467 71808 5534 41079 85988 78681 25699 28830 44709 50554 98047 
88 19
26920 9925 71517 16584 92257 83567 64710 13921 28074 15842 95943 16004 87879 96717 8235 42841 30039 85299 83687 
89 20
82939 32438 72941 19252 18455 70486 28626 88628 29904 74429 43448 5836 75415 39105 98228 19047 66447 93351 44708 72340 
91 12
88836 70086 64959 38927 55882 71046 45233 65828 94831 23080 62289 4615 
95 16
40182 73754 19764 18287 7894 8874 12691 39472 82406 56045 28427 58970 33411 50831 13609 60413 
96 10
98580 75670 64405 70781 17801 23281 18674 47636 28444 89929 
98 19
26827 63141 73377 3001 42700 12862 6296 55650 74203 13143 6464 4622 96616 70163 64688 46925 72853 91507 13795 
99 19
29369 95493 13297 89918 25149 50722 60018 72002 3713 26285 18402 44803 26327 86942 3811 81800 31486 67664 82110 
101 16
95514 40385 18985 20446 34930 25582 70616 78088 16959 73147 54173 32249 77210 69032 43781 58595 
105 15
94910 26600 51447 52938 78249 48768 86995 95504 64936 68037 45152 10607 44148 24002 55294 
107 14
48205 79550 52031 18315 11429 92509 13672 321 82899 11806 33607 50847 2626 61850 
109 17
36017 44771 36814 6688 78690 83469 80047 28527 6005 1127 53431 31234 73208 99720 96201 10753 14563 
110 14
58343 7453 60416 12100 73627 18543 89159 88693 58432 56354 58455 55957 34514 18974 
111 14
20320 1692 70445 55457 38153 15253 78382 97759 1559 61427 40466 79430 45472 8792 
113 14
90830 93279 2276 42133 16236 54612 68216 30326 77780 49465 9627 8503 75868 35056 
114 19
32683 29038 14525 8251 14111 88823 59624 83346 55582 88592 74510 98444 50222 90368 41848 54042 95957 92495 7639 
116 12
36649 90103 17924 35172 73207 44003 90934 1333 17844 39838 20463 87578 
117 12
25033 650 47988 77334 77801 5922 77041 70006 67040 84600 1511 60073 
118 12
30661 35787 38829 64898 11010 68736 25685 10454 53367 12280 82617 37300 
119 10
40858 88914 76328 86752 14639 59319 91459 54033 72291 91944 
122 10
89613 22078 13385 55902 37843 78834 70053 12344 98090 47800 
124 20
27245 24050 61355 85089 14060 95809 42217 24621 1761 73992 90452 72008 15639 50535 22781 15396 14797 59965 19998 98554 
125 19
33912 35507 98081 45043 24320 5506 11494 36357 656 38475 11431 13083 24555 61022 42699 25834 17310 27867 52647 
126 13
80097 66217 25398 26235 60367 52847 89595 80486 28788 78172 82184 60661 81361 
128 20
52782 39851 70280 59641 80845 97901 24791 91524 76845 64844 12263 61270 37425 65396 75475 3846 23700 5254 1909 25020 
129 19
6860 41535 46338 80185 3088 38127 64007 21181 79097 99552 37171 57394 72361 1657 60713 72054 354 36695 33848 
130 11
67453 78772 78198 15660 18406 74051 23705 52276 83421 92828 87349 
133 18
91673 86155 21351 12428 55070 45686 33861 78260 10438 49987 87782 7565 84646 80314 12199 82122 74057 33453 
135 11
10386 35987 59512 30895 5639 62166 54535 92939 3207 60779 29083 
136 20
44802 59229 89139 91654 30890 13761 56992 40032 80739 62274 59705 71630 26421 13762 96918 77442 43787 58009 98607 82340 
137 10
34194 98310 49521 45131 57414 5902 98244 50676 4851 32272 
138 16
32701 19494 90963 71658 46999 82677 26228 38349 96122 19752 1245 9876 59784 89306 3257 89877 
141 10
37098 52135 33554 42032 61373 84401 11061 21027 1616 27534 
142 10
23765 70926 52504 27708 25320 72905 29870 44876 41397 69776 
143 13
49036 279 13638 39825 83523 77545 5193 66255 52677 66161 12602 60993 2562 
145 13
10017 28599 42861 34266 91336 2947 83509 43739 17911 8761 18171 11501 17792 
147 19
37740 53926 25669 85475 63425 37898 77014 55169 37483 14550 52718 73296 68662 35845 19749 94927 22178 10586 88118 
148 20
73136 38119 54912 62178 80395 1799 87691 74244 27152 36932 78251 29002 19015 31811 48041 58781 20919 95553 24662 39506 
149 16
70882 98219 99669 13717 4532 92056 95315 23806 37295 59973 33639 18366 91683 165 21703 72293 
150 15
47914 96729 96450 57972 78811 16000 63625 4579 81884 7834 93103 16788 48953 17962 33273 
151 19
4080 96716 45838 65393 90385 7135 3581 32877 51485 71319 52988 77181 8997 80806 51752 71380 88713 79395 38722 
152 15
19748 42955 54813 79562 20883 94552 52014 2597 97066 43075 99881 45217 53098 7397 6495 
153 10
79354 52612 14383 85745 47900 20927 12029 52957 16176 87655 
154 14
92325 5007 85080 21049 75769 70841 79976 53038 60864 42915 81495 61596 67699 63052 
155 15
9061 40826 93499 41601 74994 20637 78110 77765 86273 35375 56899 65765 95233 401 23530 
156 10
13469 65197 54977 1251 15885 36043 46885 42859 47307 20438 
157 10
82967 54832 93822 28513 50132 78510 76461 37367 38214 54386 
158 20
54957 29961 59124 40091 56358 40916 46500 76297 74345 41869 80158 37704 18840 7136 51773 93386 24685 9689 59994 18337 
159 16
33318 77305 1475 5647 74531 17575 28313 42404 2286 34480 41696 75567 75694 95085 17971 69649 
160 16
90695 77017 71889 95331 27664 3242 18127 91727 8044 97339 12217 48510 41226 51145 25390 11618 
161 14
98195 81376 94943 96465 45777 49448 58092 7448 45419 45963 47263 79211 46570 51466 
162 20
20399 68616 89108 21451 3232 25561 57980 63258 82818 57419 57452 77681 53455 36736 5420 80156 12791 79103 71675 63503 
163 11
4420 16713 99041 36018 66424 43547 27393 10060 49186 18620 56471 
164 20
26042 50070 53669 62079 72856 3057 16202 45825 26313 2908 42814 2451 57605 78121 17900 34476 55460 72740 705 2822 
165 19
81958 70232 56855 78600 76135 82111 77458 28355 37089 57068 6338 78531 77356 91426 88798 29967 71402 33518 51720 
166 14
56389 87242 99042 91924 40694 45485 89617 13328 41074 94813 8073 80126 96961 48163 
167 18
19274 62572 15259 28225 53815 91886 18981 9431 45177 36303 456 35985 57990 82163 80055 72109 60871 81155 
168 13
29298 92582 20639 36460 2077 45973 28552 58465 52171 70949 14881 63287 83448 
169 16
11989 16510 89528 24116 82712 69006 34351 98095 88125 83015 80122 6516 64322 41858 79875 25353 
170 14
80726 57246 51364 91849 24541 86734 74964 66916 22060 41142 83588 38329 258 31028 
171 18
76712 1041 6770 96480 28062 19756 98551 96439 14190 83172 33601 93834 77844 25686 46997 8249 43211 52473 
172 10
78037 9363 30433 31032 27524 94827 70045 40484 59860 42999 
173 15
29838 9252 39340 33992 56740 42684 94245 27094 10732 26205 17147 61914 58050 38423 55434 
174 16
48836 49199 69983 18357 54250 17473 12827 22431 2601 93915 7451 57313 56952 3230 87113 41936 
175 14
4931 75429 99355 74652 91350 87982 11424 77880 30966 95975 36466 99140 91584 62114 
176 13
80255 73924 517 85538 52991 28722 13606 16357 19115 2223 10945 16998 71113 
177 18
56212 58466 79625 95196 74013 32108 24856 68856 35086 41033 722 58838 56541 45612 86060 63728 859 38787 
178 14
68949 15696 24744 35873 52494 30541 37052 22363 95541 48325 67149 7805 15008 20627 
179 13
21760 58435 2129 72636 34322 61334 83024 19539 26311 19312 47874 90244 98043 
180 20
72660 98128 75870 22770 862 52970 3243 56086 71005 79716 20863 84541 97815 87213 57753 31588 54866 35394 53633 65750 
181 12
66738 45774 73019 8538 97164 33637 88702 704 50000 94684 9526 72058 
182 13
23714 39468 59234 35894 68537 60370 32343 48312 84912 43591 49280 52557 98462 
183 16
57239 58566 11397 88463 12614 22382 21933 43021 11152 24770 49796 69806 13504 65872 95173 16414 
184 18
29786 69535 41179 64993 80850 33259 66491 30330 33542 31799 40236 87278 19888 34924 71043 33146 21874 56326 
185 20
31531 66884 20578 23886 51679 18316 54999 23743 8286 42303 34603 59268 92716 8393 25879 1563 68514 1773 23847 22544 
186 16
71948 20557 9144 21969 38500 23306 95871 85818 62546 8967 58615 9510 94298 88442 59043 35534 
187 12
89318 8958 2104 20996 1131 90225 65305 16673 14574 37435 71418 83417 
188 14
81597 89969 77152 85832 6047 82222 98908 20310 84319 47202 79917 44499 84003 85481 
189 20
97186 93551 86126 19259 50049 88865 67725 81063 82215 25200 558 71241 19050 59556 83098 97539 75804 46361 66236 35951 
190 16
74195 92682 13152 47540 43926 22827 8471 385 40913 72815 38946 79368 892 31629 467 47240 
191 12
68432 51104 20994 65917 18918 81370 9025 96170 6969 29405 13430 90844 
192 19
8270 13411 50754 12389 19879 92427 31362 90510 76387 98221 35813 3792 43949 96130 842 62194 75505 82040 53954 
193 15
14292 77694 9885 98527 33768 52786 1573 62625 23224 5101 24075 96349 82723 39433 33772 
194 16
64388 89950 12702 30774 49854 74088 34945 87105 43425 70160 28497 86222 25795 9573 66598 82197 
195 15
36881 78174 27035 20739 69838 78402 60511 40808 17296 78761 78693 43280 12114 53204 73457 
196 10
21560 33435 22238 49095 66180 90527 83139 5115 13141 89215 
