77
2437 10
24530 15676 57738 75084 39800 14546 87201 36578 74328 25095 
6993 10
16950 93421 48603 2980 81627 26720 53 52974 69164 33515 
7394 10
15914 44619 18300 98554 87449 45194 95832 81654 56217 57011 
725 10
26194 21105 24213 70871 99625 57134 53946 85447 94995 52832 
767 12
38823 10948 33923 80862 90546 8863 40430 5121 73805 33740 30450 30861 
813 11
32256 1143 85509 11997 24136 76537 87626 29194 40902 18689 3780 
856 10
52078 70262 39745 11939 41637 13974 62957 80072 61574 80762 
961 10
43419 38307 40392 33658 34996 70043 82592 9304 99590 38257 
995 10
73844 40241 91045 26812 61478 95611 89254 40938 71309 20318 
1102 10
65592 99827 68199 102 34513 24549 61617 14312 22815 75798 
1392 11
15227 20162 2584 86576 41831 55229 11874 4866 55121 26918 49105 
1757 10
86689 14381 86288 48197 88265 58879 11575 83612 67728 3810 
1861 11
56532 82072 62512 36478 83577 58489 99241 4304 41096 88773 16674 
1904 10
13505 13558 27383 27821 52719 14044 73649 54890 12357 46917 
2025 10
37227 14911 88363 67110 78314 41209 95303 29443 83137 68311 
2026 12
65398 42470 10744 55041 69008 75866 486 32615 18132 99307 63956 96000 
2062 13
36758 86551 77810 24338 67521 16718 87846 98370 94222 96885 22705 63768 95794 
2351 12
5280 66216 51686 19709 59611 24688 3236 35763 1492 4079 95745 64075 
2431 10
46832 22180 43342 41715 73869 40710 88586 41559 33576 18579 
2624 11
24420 60927 49035 29384 25284 20516 18658 75803 82652 56868 43112 
2840 11
62626 92488 85002 34147 15807 35682 72094 97624 92754 16371 34727 
3079 10
75515 843 87578 6397 90319 62528 4345 26527 32433 63263 
3100 12
21658 94500 37987 10106 25071 13218 5805 39681 87994 89109 24447 34613 
3287 11
15295 64068 53392 82783 26785 35276 36123 29533 56029 42747 56994 
3516 10
69880 9978 25810 69463 49344 27989 6103 9395 46928 53372 
3717 10
48421 8590 4518 66609 24056 96697 31884 47402 80541 97535 
3780 11
71 24280 25832 39895 10780 50908 72790 23965 54514 99673 87183 
4248 13
78076 17793 64880 4281 38960 6520 72284 98428 83303 31670 66988 6928 92635 
4444 10
49509 87811 32882 25569 98850 75478 45225 47703 61294 22022 
4500 11
58554 24650 29223 25822 20771 60643 97920 89459 72662 16128 44385 
4627 10
91070 68943 56179 43516 24657 9367 38601 44423 79127 24111 
4715 15
62958 78812 3690 51784 75103 76954 61183 68926 68596 25617 47297 10344 89514 93728 85468 
4784 14
80003 2787 88986 1236 43219 32891 85920 35026 76831 58761 54047 36121 16501 70228 
4792 11
82476 96204 97959 48949 17642 35511 16623 89030 60722 40783 85844 
5061 13
24465 44936 62839 30186 74507 68725 30345 44377 1253 93835 46841 28379 58771 
5234 14
6969 14468 62581 22560 27545 30587 96023 68174 5436 55379 83298 31656 24869 96560 
5549 10
38254 41130 58699 99555 18510 33727 55683 84979 64664 70503 
5562 11
60303 18261 85205 33227 50954 5013 18989 93436 38106 96412 1697 
5582 10
43071 46074 19790 22810 58726 99170 40151 3960 76124 62665 
5797 10
58687 3279 74096 95621 18333 74733 31583 60795 17401 18015 
5902 10
80440 13882 46308 66572 57713 78206 72382 94010 71697 45185 
5906 11
67448 64819 64338 93304 83592 55762 20740 19258 24967 61709 87194 
6170 12
24112 84818 29098 42708 81562 90441 85423 58243 41313 89924 24139 87561 
6424 12
59337 85020 81689 81478 95899 30924 79158 77740 13228 78414 69397 34941 
6469 10
33072 70746 44004 96868 55133 34473 46570 28028 82343 72109 
6473 10
712 51189 21482 30685 30439 61905 38145 94134 66212 24494 
6761 10
66015 28765 45826 59530 28729 41537 53101 66461 51623 36413 
6959 10
8805 38982 94465 69000 80912 10551 15291 99623 17021 94854 
7151 10
86023 31687 17264 75861 61179 10556 21172 38851 56613 41231 
7433 10
47588 87996 24707 77170 39656 6511 69154 64217 85552 16188 
7476 11
46009 31181 24205 92239 6462 48867 98720 32059 1922 93691 79334 
7554 10
43752 86674 94040 49762 53666 86462 76030 82637 16035 41484 
7556 12
48201 12878 44459 20587 78319 28347 78393 32630 88297 94494 64864 25390 
7764 14
32902 57853 63192 22021 49533 49066 83617 30437 81965 87571 86056 49000 99370 49038 
7797 11
12064 79292 63518 71402 68117 80164 88782 50531 58301 27903 47329 
7866 12
42094 86664 24343 37216 782 31592 7718 54524 89434 79481 45318 83344 
7943 12
98499 47444 73886 3135 47827 312 29856 41555 71878 86278 48613 87883 
8052 10
81519 99866 74660 36360 65195 3217 19030 97062 59355 83116 
8135 12
67391 99499 93777 31082 72541 48135 75471 44690 87098 37649 29967 91573 
8213 11
11223 36249 293 64817 71608 41244 69127 81148 29363 23557 26849 
8238 10
55207 86382 40493 73088 42074 27388 14061 35131 6401 85071 
8378 11
16590 11021 32958 98544 58266 23823 58463 61724 84298 82122 20228 
8402 10
79383 56229 21096 89322 77403 54632 99951 55298 99734 88739 
8463 12
98328 97791 48924 81485 28120 62583 85826 28102 12765 27624 6843 5600 
8527 11
65955 76033 19148 16151 94401 9524 97439 31812 60051 1885 23018 
8715 10
56455 35523 6515 37207 49514 92398 16746 88316 99282 48680 
8725 10
50213 72158 87907 54581 42803 36557 35704 52394 79366 49926 
8753 12
48862 70763 63736 4624 81449 77601 78519 55031 23287 19626 89541 92585 
9008 13
44340 21294 85776 73789 84878 58925 46083 34087 40164 80156 48686 10814 20433 
9188 9
97307 31659 39482 34212 15639 68249 6180 62816 89639 
9325 10
64586 83968 79824 27150 40380 76288 57864 71920 59020 48925 
9379 9
45402 37554 12990 81871 87830 19949 35578 38219 14603 
9485 8
16026 34768 53390 77376 20997 87186 38909 19675 
9518 10
78987 64603 87891 55467 949 3630 95052 46602 68251 1228 
9527 12
20917 99051 34459 62771 76762 22145 18679 30708 70519 21965 5466 2838 
9644 12
16013 92553 90527 22785 12269 50605 5130 13655 73503 45307 44636 91663 
9682 10
11916 29918 73860 417 23870 48153 12868 98434 3295 99892 
