35
0 344
53941 54810 20886 93442 53602 59126 83261 13782 84637 22580 87833 63263 56286 93817 50872 65211 30475 3951 20380 84835 30407 2885 94267 72715 26528 35319 25170 71630 42234 67516 6093 6973 75458 1177 72752 62436 59703 82252 80909 14100 95567 35983 12286 59278 20438 34608 32366 3342 11007 34373 40455 89917 48814 74784 42557 50317 80160 5610 35661 1734 52906 30262 99630 24972 89805 54534 85982 86242 86920 45680 8024 19369 42800 37116 85336 52583 7292 84991 28809 99650 55326 7180 8930 14769 81264 45358 73467 52090 42332 39752 13975 50625 91648 21671 23954 2500 42434 76197 48946 9027 92963 22510 12749 93078 46257 38069 35512 41289 31633 11917 74985 52050 70381 42126 51722 23462 71381 28322 77669 97495 54633 37567 86227 15755 37925 693 96897 34505 80118 3313 6600 28604 4290 96284 67555 99567 41060 86342 93968 29655 50047 35444 83832 77763 71846 38494 4731 5683 38677 69055 87332 6580 89497 986 88953 60041 44616 36490 79283 39496 65316 27615 39635 64658 89610 62860 71589 81797 18369 17983 34541 45572 65856 10284 31074 43074 80092 64691 50618 43297 4213 92380 62989 38183 67463 74214 56984 47044 54664 34352 80650 50592 53706 12421 11006 91865 97566 84948 52440 65959 85809 4113 593 45717 86413 30769 67732 37903 41469 50523 29259 27863 92397 27656 30623 18877 75179 386 77895 25685 80354 38182 31470 92730 63100 98726 60944 61524 22260 3066 42729 9069 4374 29026 36651 7481 23922 4328 76166 44902 24867 18088 39198 44402 2797 60979 77738 26092 8602 33315 5325 18709 2846 85867 91345 79038 47842 37367 35107 73947 89603 10108 73775 8674 8351 7563 9591 1970 32267 96613 58955 70371 83315 58636 35197 73153 83655 79315 40929 45410 12261 78361 39492 82801 32237 90797 17880 85964 62548 71844 40061 80636 48125 96360 43162 9441 19265 55913 49247 27998 43658 80191 39973 98633 63214 96727 83834 29628 66827 9857 94965 28683 85368 32003 75985 25592 4476 2407 41071 85925 74650 17643 86636 52465 37940 74370 71126 38880 31819 64075 41328 81433 27933 7072 50394 44167 25355 56271 49538 6970 2926 71970 22599 46583 
1 192
61664 91868 11646 78346 15573 76944 37538 63095 65744 28005 78575 71981 34941 13872 77787 54665 49449 93871 31608 65951 5001 86855 84236 92344 98332 86247 30457 42773 63727 10632 90446 16133 52013 95719 98256 92801 49568 74637 10503 47595 99992 42548 87307 1635 28205 832 73594 63867 7024 52395 24512 7488 34306 88218 8155 67569 19598 25098 80360 6613 58707 23440 60042 59756 10824 52943 60337 24778 75605 33270 41761 19217 91067 26773 23403 57528 23237 62250 90038 5193 85784 85084 19789 32625 34274 13998 90423 68786 30413 69916 89128 14717 83903 79187 52096 38232 91338 75417 35798 35715 60341 23195 10452 66257 24029 87732 78336 55396 92035 3018 19284 15231 24503 87749 86948 64513 88578 52947 7408 61705 82272 35533 61581 97712 87615 70767 37057 96254 31711 35066 62374 21461 79850 75524 27478 89513 43963 6741 17826 1143 68109 39012 6634 98736 72367 87489 58385 22281 45215 50272 22777 41451 57258 96227 33956 59588 73040 71704 78034 10685 83730 31484 27469 99897 64862 68319 9310 75376 9748 45196 51880 99953 16545 3674 22257 56234 23640 79553 53667 48890 54078 5029 98219 25444 45850 10004 49920 2566 15067 23528 91011 60662 
2 42
14231 31577 28336 46105 4967 75008 15822 80121 33458 40238 25309 91892 57618 61729 22850 81648 56751 3694 37448 92753 18725 94531 20417 20070 21110 7988 73076 9816 18731 59076 28678 80013 94927 94929 15378 32282 990 64189 63065 4797 29076 47713 
3 181
29482 27966 12927 63843 52245 29278 15514 84059 32337 57479 62796 14792 87731 10361 27929 70219 90472 17825 70134 37365 67221 98022 85717 43065 6839 23310 99447 53309 15784 64947 64978 59966 6541 86353 9366 69520 46154 89820 58003 21140 34165 20859 25972 12255 31746 39257 83803 96556 56357 95421 9783 41646 14703 62891 99106 46298 71812 68784 3657 63540 90944 46022 29354 22926 25909 34777 93092 31766 95085 48974 10918 80199 76182 59357 44796 75468 93798 48486 67755 22092 78433 81202 3395 58959 99268 44377 84335 40257 34540 3541 24795 89708 87112 44050 12237 3182 49109 58013 61549 95852 44231 75676 47810 91331 81527 53807 45943 40788 89294 72246 58375 68155 52317 71907 90450 58173 53009 99674 1948 9304 58536 32986 12452 25737 69997 24089 80309 67813 40050 12313 18938 33607 16149 99669 89045 83251 74417 87863 54311 30503 91402 98663 40669 80930 28095 98236 51085 50202 94620 44692 21553 43225 60563 11266 34246 24363 2084 17398 62252 2044 36825 31023 21200 55638 46636 33054 15970 83516 4901 95207 96173 7750 52752 14314 42482 61947 27651 82055 14888 24918 71859 
4 180
11497 83706 35357 24097 62086 20595 36513 35093 96362 14716 25529 43972 31792 18817 14304 47828 47131 54144 95669 9214 50258 48298 23772 89579 67925 57020 8524 67940 81065 37790 43301 92353 47285 11609 36530 88191 76762 17981 69288 53674 34652 59679 80830 34571 16747 89349 82523 70126 21937 205 82809 39608 17905 46852 63472 88317 62125 7035 35017 72571 81122 62141 65420 48073 78819 66497 82740 12453 15042 29237 99166 42245 50355 99188 12769 92762 12738 59385 79514 9953 36413 71074 22230 98057 59459 99643 87330 61781 67840 91180 90332 62667 10722 19564 28050 75710 51836 31583 6463 3260 34882 23637 49423 36322 53032 6885 76825 77231 75447 9276 60322 70629 29919 40721 64364 18401 23265 10929 7871 99251 54441 28776 29095 25886 55764 45667 22464 7518 83072 94261 58281 78376 54536 1623 74663 23982 60967 3510 63122 26391 22427 7824 6582 76008 57493 38590 51612 71697 79058 99766 45270 71819 83249 36481 57220 65444 90954 20872 52336 96735 94240 36616 62318 19523 11444 4337 15851 24134 500 10172 93704 8963 79661 10566 82428 75201 40317 10958 11461 3293 
5 170
23530 31331 87182 59460 81781 72911 74693 48250 41400 71722 58082 78892 46051 33414 71196 5283 50546 71668 93154 19263 27074 1555 50788 91091 42071 24018 50505 8168 64565 98136 77091 81292 99343 74167 17005 89397 4878 61769 47716 13035 60960 29451 47986 91065 24656 1120 98733 33777 84668 2041 12689 29811 78215 48386 54070 44447 45218 35796 89563 35349 70753 92727 71434 77979 43136 12594 946 35008 5155 37686 82939 51534 20225 66295 15140 84843 15209 61703 66738 50987 24906 66601 21103 40240 38077 78864 40476 1716 8797 6764 88568 60212 15191 1151 2569 24058 38542 40260 73482 85840 92518 53033 37624 65479 24862 97851 43433 61989 24126 36496 22609 34176 37217 28399 68556 45691 66802 30427 63062 8369 52534 49052 18230 30326 55119 40488 3926 19965 72719 44977 98381 37178 5302 89836 70653 52335 65616 8401 1045 45273 67607 34043 9964 3940 88535 65792 22140 17734 12468 85659 47342 22712 58914 54185 20074 97144 10897 76378 78509 56891 4830 44826 45137 67591 98439 49597 63060 27963 58285 99423 
6 162
61010 70084 81574 94432 71983 43083 50520 67262 49857 71987 49378 47441 87444 24858 17066 36183 80328 3475 33360 50681 72115 2619 68744 66046 82237 14734 34106 23172 31318 27357 89658 14000 29534 60754 26361 39131 549 63749 21373 36849 1202 8417 63615 30435 36822 54495 13692 50881 92829 86454 81494 3149 60123 34230 47116 8156 53236 4046 10068 15825 53392 59098 48722 40911 40293 95094 97159 49718 25845 31191 32701 82949 20519 82917 58654 75027 96654 8948 15230 59067 17873 85238 16390 52344 58551 38100 77736 35799 89038 99857 54052 2746 99063 23709 22808 96889 4349 71225 87450 21747 40306 46352 8325 43572 51029 55803 53700 73384 93070 88467 14510 17640 90781 69029 53766 56340 49436 58148 62770 50412 659 46414 1972 28836 93535 49272 98823 92291 39414 86332 50531 51851 17370 67576 61131 90772 92957 93799 46083 54746 1360 1246 56834 52672 1314 35523 38706 63691 71954 15879 95667 99869 13965 8840 61761 45165 66587 75874 13776 91430 180 59349 
7 159
73285 41423 98533 55495 11578 51537 43898 15829 71137 45381 31007 10684 33118 34995 14661 15406 12230 36827 92979 64488 65072 83059 80522 55610 42857 95101 90320 92566 48248 87916 47178 598 50642 71728 95133 78238 41371 28078 77021 11803 55805 70769 95139 23873 13721 92947 99380 2595 70857 70343 35358 53956 88716 72984 7276 49559 40956 31801 20035 49231 91396 95150 51594 11081 18730 21637 4625 96980 15797 75210 45936 14575 95126 88170 5438 71328 83629 14906 78467 3684 23689 80887 33086 49120 30436 20 80107 8085 97823 5948 74304 44113 819 20852 26746 65095 66005 38237 65487 56231 26576 37375 98282 79896 53571 23266 7992 24103 29958 8748 52899 22124 99321 41620 58708 70880 28118 85854 4698 79108 68369 26369 61185 47706 67809 69333 18983 89295 80513 56089 74027 24954 96985 44752 51238 82338 86538 21067 84630 38007 911 57380 90064 23995 73471 6381 36173 96460 43103 53235 25556 47904 24486 8404 10810 82477 75688 93536 32755 
8 151
26497 53787 14730 39985 49982 95252 68750 80252 64379 64116 17075 49411 91321 16499 35389 78792 41030 54096 70032 89564 709 46463 65763 93622 99398 48501 85061 53897 468 82245 22909 22369 7121 76938 12377 65154 80723 44366 43369 62654 59390 37185 98177 60204 91421 12540 44877 84476 52674 69739 80050 28883 55297 86316 48218 77203 94549 2827 35356 3693 84981 5789 23393 84940 30093 53790 55920 9506 22461 42769 44824 40123 67394 22958 79125 61152 37296 61631 34812 90684 94362 19404 92894 98825 7774 62861 29457 86758 81389 80931 6795 10326 59062 6359 1738 91696 16081 50464 21695 60885 98639 31902 40651 36263 3894 94071 73755 71454 96971 33881 21185 82589 72084 41691 96299 38364 67948 46785 19892 26568 67821 80011 27148 32297 71821 39495 7413 56408 18985 95468 58993 97205 65055 97756 54977 95522 26499 57711 46605 37846 76467 24654 48840 81013 78933 75049 11953 24077 95311 60142 22240 
9 120
56608 98835 63906 774 43622 70758 72000 79091 62101 97122 43302 71596 18195 61072 97043 35210 63129 29982 61494 14719 72772 27652 59200 96945 55213 440 77792 56462 21253 20547 84516 73792 26265 37591 56859 85995 36079 49508 37575 87391 49918 16908 74078 82165 36130 13669 51333 15266 22072 87159 37384 10018 79768 14030 86349 30912 60031 2637 60314 18740 2360 2951 64720 87781 1156 34593 85938 85627 77799 31675 52267 75089 51351 48135 19615 15223 89933 15585 54739 21228 85344 61098 73889 92324 23941 93890 27808 94373 64922 94579 94359 27951 91316 67454 28593 57306 11281 93949 39295 23910 85594 34007 21884 5702 11567 34020 53130 60835 24507 57664 80867 34328 41680 87693 48318 75633 26493 82632 75525 33749 
10 278
4257 23547 30765 36391 11783 77069 86896 39219 50437 12427 44294 6520 45226 7708 15043 9989 20422 84316 31377 30688 9156 34944 88671 47629 25617 60920 43237 42147 36403 35897 10167 44857 12760 48598 9363 92120 9735 18079 45235 78903 24407 79926 53072 4741 12129 72644 15233 83125 21703 68921 12953 69427 86294 47856 56470 8427 74541 81383 29300 76568 79388 86880 73988 97309 73676 9087 26365 29379 9504 54599 10828 74933 5675 40126 50032 79827 90969 39327 36650 67606 78594 54106 29249 44835 25262 38382 60676 42668 34881 85654 59587 93457 81938 85747 40324 17359 15159 25963 7318 46942 55627 74720 56315 57697 58594 26319 23505 12068 51502 93641 93513 3972 19831 22566 85565 60074 77223 88451 48460 31350 11453 67412 58766 27181 85304 62351 999 50442 82662 95880 30612 11034 27121 77920 89312 31546 95583 67417 74119 20333 73101 86370 73107 59091 79211 17202 4615 46615 57287 45531 30388 42793 91913 87352 72858 47077 2296 15703 86156 84300 64589 46187 80657 49479 85606 34299 88118 32740 50281 42416 37181 30884 63480 31669 45988 54473 83449 30029 46376 78267 1352 23021 34993 22745 725 64399 74469 85242 45269 60939 27716 16703 76430 13326 38095 31021 14911 37524 36057 62015 91079 39921 31629 89342 22431 84242 38181 78842 28921 70303 14238 47565 18290 34690 41449 2863 89592 25459 6953 49365 576 13134 21832 37446 16027 82970 40416 43686 56173 99956 40743 168 18732 15481 72225 30867 36277 93106 70825 84146 79092 50120 69080 12571 59708 20323 23646 75401 79570 61714 46711 76808 28920 42445 73539 15643 78602 25116 46702 77921 97338 13511 6133 20172 17268 95195 40921 95090 87189 86369 32461 72441 22742 88287 77717 46271 28204 96370 
11 134
53447 27240 27335 27987 14997 26035 8893 31247 33784 26667 49619 62587 29045 39321 47263 58802 2668 2758 71473 39597 84441 59254 18427 10716 74029 22366 72376 91516 66759 77371 95954 75566 32005 80700 20920 83855 93060 92921 71588 64320 85946 33175 85458 80702 99434 80430 7123 7829 7343 65332 51947 51583 60677 66164 13464 55988 12830 98467 68595 74342 15781 88824 42365 84939 19812 92112 41817 769 50247 66847 16192 4995 73750 13245 68999 43563 83403 65205 53399 55550 89912 65337 23275 11520 6041 6636 48679 43000 72704 22172 71649 72077 58597 48350 24005 55545 4961 71455 28461 62353 76203 83837 60070 8883 95304 21008 1744 11823 98711 8405 47027 43010 13299 46904 44736 68684 45461 11465 71269 42196 75047 97004 32896 88079 10141 39534 4629 26193 89340 21772 84035 8927 53468 43807 
12 125
29552 98295 81884 60039 6615 22637 50634 37143 25312 11491 3388 44570 78925 75630 57330 25758 80151 68736 26002 67804 69103 46482 7028 43257 66663 16569 84403 60974 55238 80094 48465 67208 61394 32663 35272 35270 97550 76646 99814 52216 15767 71678 48362 14563 21089 4160 80052 60052 28214 18965 85531 19969 35508 74489 20543 75669 60388 11935 64977 86930 49524 64071 96508 49299 59710 47981 53167 45885 33262 54303 19602 70102 70566 21700 27344 86755 29537 71154 65915 15632 88541 27699 1253 85478 49696 86494 52983 50948 74040 98949 92235 93190 18198 91286 96136 27406 80567 85490 89143 23190 29785 98084 46326 9369 56179 45311 2348 83841 6677 93791 18501 82594 49147 22318 1724 74175 59751 70011 60611 58245 5726 38627 24411 21825 50737 
13 2
27540 35977 
14 234
95458 51161 5601 74694 23769 41946 26530 18161 2938 74402 68601 89090 85983 10407 58155 11120 93413 63230 23891 94822 99127 29266 72828 29672 24625 80308 12517 34426 86532 77024 5889 6243 47387 98414 50879 53654 56378 46011 28856 6060 28025 18069 4596 43360 33114 81800 76371 94416 11990 48564 49327 83430 7382 14154 36494 83139 22231 31555 87155 57127 42097 92468 7269 81772 73009 6108 1643 49576 55883 26865 97442 12209 11247 70194 16841 91814 16805 80282 76221 1968 58331 18881 2625 23233 98437 2363 65519 34011 3531 54065 93295 75947 98466 14620 9684 2636 74436 8324 36710 50189 49379 47959 47453 24996 98280 94904 91467 9503 51240 23758 28950 73444 23158 3345 90912 5053 18012 61263 61163 77961 30811 93754 83418 94086 6141 46881 78039 51709 34089 14234 81179 75879 7851 13167 81969 10111 94230 73861 37960 43370 665 75711 8140 26073 60846 83176 52197 75088 62979 30438 90441 55056 60998 3835 41422 18857 33305 8215 13862 84013 56207 9596 18462 21066 92913 72217 95501 20885 20268 98911 11408 3112 7329 97696 16565 84742 78184 54762 80634 38662 75207 47721 899 76451 85436 88025 47280 69919 6875 49818 1987 746 82977 32396 62190 88598 84153 19019 55382 3085 60798 43543 17743 84722 29953 87879 12174 71783 3322 39065 76897 32644 94424 74785 77838 89729 42697 5453 76609 12848 4548 43779 17597 91003 70565 18909 1158 83481 91508 42288 37618 16881 8134 78629 
15 52
26268 9016 70169 5588 26991 74080 4021 62894 23511 11840 12479 76142 13566 72969 17303 94771 2377 90172 26406 41329 18515 99087 44833 80815 17290 10501 66024 57642 60533 21800 96024 14554 53039 37098 98349 62347 89491 79324 75048 38930 93042 95922 64708 23109 73713 21254 65137 72094 52785 60303 71984 87654 
16 104
68177 55537 75734 76713 78008 95582 93685 87997 1374 19363 15493 22779 4742 1084 79631 90753 62057 42525 3502 96571 5259 75259 29432 20449 28739 98950 58638 76218 69081 21816 86053 83849 11760 21668 63681 74163 88809 87110 61478 21563 10561 35735 41057 62524 47014 92309 97884 22955 73604 54986 19501 30381 77228 23843 61287 74728 4099 9434 5766 92754 99004 91932 55094 22258 10628 82568 14823 99873 27411 31177 26156 259 93553 80551 10565 40974 6131 55875 27339 31024 13544 23501 50310 24614 18885 37410 73446 48098 71189 33316 97809 54700 56314 86513 85450 10440 41211 41307 26623 35553 9519 51930 53250 51916 
17 196
55693 40099 68226 72784 64630 17022 90044 82436 24724 35503 7743 58179 60650 2883 90720 58614 64471 80808 29925 80226 78596 86766 1375 87428 97369 78454 21039 45257 92422 86571 66744 13368 95172 88033 32998 69785 64074 87792 42387 89776 89017 40628 42214 1676 6462 4974 8434 34977 69707 72047 40695 22596 26097 24725 4490 18883 29555 34249 45815 23586 69844 25555 48497 6625 24612 66474 28770 1075 42473 44202 9494 41957 46116 13807 38975 20111 21641 54346 16466 85888 77078 66108 43542 98799 25367 838 80649 43758 38879 83220 20101 12761 26856 56261 66431 23031 95859 88110 45392 28504 94141 8856 76206 15212 99972 43839 40771 8923 51414 53958 7099 94158 79528 61109 48986 57031 87846 32380 35595 1208 11596 16313 97155 51143 42969 57262 63203 13322 59233 18524 93812 9711 63255 74398 73846 41960 88155 17536 86323 60643 23708 39537 95623 31762 78488 49851 84011 54453 58346 86889 13409 68150 59288 98775 73268 87135 94971 33511 69965 99689 41308 90822 25223 48175 19144 14500 40780 44791 28225 66025 36109 12725 7356 21007 13041 61126 1640 18906 30239 74835 65911 81854 41044 13287 96489 45690 78810 21609 61820 44267 58810 69430 79238 97204 65942 3716 
18 176
43167 13098 5406 7015 73935 88057 47118 57864 93398 15763 33913 63304 57852 91656 92918 41023 65893 32019 6173 63944 23826 34185 8752 14954 17462 90165 5770 57191 96762 57474 69242 7386 61492 16557 92048 43401 69599 56714 96879 10540 26225 82652 67027 70596 66799 33325 16924 49194 33141 20465 45096 3895 72008 45206 3499 30091 37195 72418 7009 27639 28176 96793 75502 8418 14660 9926 71056 24171 78684 47122 97271 9063 32702 4437 40425 36744 658 26323 97011 49609 87001 4929 93222 69748 72043 90604 22000 50126 23676 57361 33890 37514 56296 61666 52094 44126 78218 72128 4856 18293 95510 75875 56597 65553 32055 73823 54693 15202 64923 84545 78466 64739 6527 58089 67920 34415 48023 55372 26961 29113 76668 80708 74596 83966 3418 16862 95374 40871 34443 60162 39250 50977 76964 68664 95798 19431 64212 22694 59095 73824 23558 31182 48015 25482 31166 84571 18055 42396 80763 71946 21127 202 37535 46012 31165 88846 33960 94241 12079 68058 93463 79560 69011 83669 31268 71205 42993 5147 11930 54784 94775 98401 89851 46832 6762 27307 
19 81
62234 31278 95771 14032 98338 51023 93934 87000 52383 77821 49777 97261 85501 68981 74954 10054 9889 79983 83446 67087 80505 74474 49725 65030 65403 56474 93296 44088 38009 16584 9079 9886 90738 99986 57648 8170 58792 99982 94078 13735 4895 43439 19440 72628 27045 92079 33849 14861 61567 25342 17037 22735 57012 39167 87898 89472 8254 56198 60294 81012 55726 81010 20287 70764 50725 23178 51789 86576 17746 74670 12750 88469 8381 37056 54900 24792 67725 2000 99058 36318 39254 
20 78
28631 14285 79623 87467 70811 8920 89604 33193 84501 25003 31975 20281 18128 96020 11759 26794 60742 5740 98948 35016 1002 83639 42985 26483 59823 34747 56092 36348 22990 58882 40524 98153 56369 65541 70650 37214 98417 82846 4469 81748 57439 70634 13489 29306 20165 8790 49926 69194 32425 57635 92068 7461 87020 61370 8253 83155 78682 82458 86204 58391 96243 77195 31139 87670 5605 13054 20594 51374 94547 43808 67855 61675 46093 923 52027 48209 87823 10878 
21 152
31548 43956 19 96417 91808 78154 81491 79563 83318 34691 88989 62329 30644 47008 4058 62922 76677 34441 26741 22216 40922 17236 186 40890 11258 64101 77201 61863 12136 2742 42732 20824 59691 80169 6899 83485 80597 93796 59720 16936 54054 6246 17053 50874 36135 29104 69847 67299 90015 53154 73730 65532 52028 63938 41394 59483 81319 89246 22343 52359 47930 8747 45592 77397 6054 70508 79214 13053 85312 72811 51209 92999 50460 8796 63175 34129 31974 59896 76606 74254 92674 4919 30104 24365 45708 84732 97738 84424 30855 66247 92489 71370 23655 77218 13390 93353 82199 12369 23513 23915 85694 6117 759 90995 74854 55621 4219 69990 77613 58086 14935 40582 66387 73455 11193 46222 63215 39541 2720 33049 50730 50504 22307 37688 82196 98096 73517 10676 42165 47030 10263 56564 84149 32550 23740 94069 20207 59246 37073 45357 78169 22090 80326 4416 62839 76219 51480 1169 63371 44596 89170 26496 
22 66
67252 40567 41832 42664 82853 14589 57460 52102 4451 21304 21519 2614 46489 26441 21534 8244 99881 71669 52109 35839 46282 9677 78334 81887 34768 11794 2874 17725 19783 29352 65870 10217 48809 34708 45766 4845 82379 71199 80678 47402 17046 33659 69492 6148 18334 69086 46912 73501 44207 4875 58856 26285 51938 9421 58689 87451 32324 62067 15640 62217 45557 11483 11911 8935 76862 521 
23 65
23607 65723 97963 14221 99293 22997 10477 79967 81502 96718 52401 41399 6456 37327 12147 60032 12055 25821 13925 8932 2267 11774 6933 66946 9045 254 81842 63986 65498 93826 23962 20600 41484 57862 2248 20744 64426 83647 57563 72035 92839 21372 45596 48535 245 99396 23987 72455 560 15363 21991 88683 65208 405 13267 36420 28666 87862 96703 78351 39629 43399 55129 72134 84307 
24 110
11579 76645 64677 58000 96202 92064 42828 92522 40796 45750 33219 33479 46882 17266 53086 54370 58704 51748 7603 94942 54648 38421 9670 55437 34763 11800 25197 5459 43452 83738 10438 66710 68284 44383 36265 38887 39323 56235 74458 27031 83546 86407 95509 18706 74655 40047 17210 26975 70597 25894 27805 71689 37544 45806 133 36376 82918 39591 8416 74056 10246 41316 3410 13334 99663 90477 99944 20734 63903 30528 54491 94370 82062 67476 53686 29470 71939 86860 15241 87050 24755 45963 80760 22615 85961 41975 35002 12241 71065 46125 69758 19041 44116 91517 74054 63420 58035 26277 64771 36138 64216 93265 19517 74067 88970 16276 12907 33625 95339 96558 
25 48
87812 61841 28332 66753 76302 30958 86255 32321 69199 11686 83224 8523 65468 28348 90545 32826 23648 9924 69095 51163 8622 98489 17146 41075 65043 87721 67552 11475 21495 16447 71204 14248 77930 29813 70393 62237 80819 84623 70445 83699 23079 28114 61660 10270 59757 54879 49617 4085 
26 39
48061 2373 34478 53060 1696 49487 61391 31213 88391 65706 93913 84825 74714 93743 42462 86788 50199 76399 10391 43637 5360 92341 21404 28224 31844 37320 4836 61062 53761 34132 8634 24637 3353 26887 68004 4082 29340 3341 4697 
27 76
99175 66648 63945 54030 3898 80795 89498 32584 95971 7033 55102 55834 89139 2425 7392 50795 98645 43105 70891 3098 6556 27896 95481 59037 52098 38710 89537 83507 86786 7419 99182 20142 89356 20955 28648 19563 58666 35236 21091 41675 11962 46876 9444 87012 28660 63955 11756 56073 11626 82398 36395 8991 50588 33947 93708 19887 73052 58487 77855 77867 60028 33805 68733 84963 48020 59784 48688 38530 95061 73810 31041 18505 4417 72891 42309 14991 
28 58
22254 69740 8894 28760 80153 27862 27397 17594 32894 7734 82336 15545 46587 43862 33401 76986 60281 63580 74829 64667 92089 81330 35848 92609 76381 48655 17244 41388 23864 58836 19896 670 83711 5859 53209 956 34931 17867 23583 92264 40763 16770 7096 60486 18762 23930 45472 99507 18144 32203 28742 27967 12942 7252 76027 67566 28677 66708 
29 26
28421 35582 50575 42440 75396 80907 40204 88351 43034 2132 16073 26905 942 83894 13529 94507 78971 55077 42465 65759 44370 87251 37576 52091 37935 34455 
30 20
76589 18595 42544 58108 36905 81449 47419 40210 96777 70238 44185 59591 21437 45954 68900 49216 64809 27871 31934 62397 
31 34
43896 4283 12338 57461 68992 57146 95144 77824 39668 98858 64744 4848 76474 53596 91281 20378 84387 64648 32206 41733 17689 20213 3073 3927 73230 70748 30112 2072 66966 57844 5465 97151 68293 13387 
32 30
33623 58596 85411 90386 53781 74031 29198 50311 45812 15943 55932 68538 87268 35495 94847 86275 86271 45394 74624 12820 17047 45291 13621 73981 82110 30094 26396 91126 27826 58181 
33 22
13450 77762 89146 7071 53253 64756 37500 8111 99428 8072 9031 39007 62477 96677 19893 89416 80969 34980 55948 84574 42661 47747 
34 2
71122 88257 
